   91.00000    
   94.00000    
   96.00000    
   98.00000    
   100.0000    
   102.0000    
   104.0000    
   106.0000    
   108.0000    
   110.0000    
   114.0000    
   118.0000    
   121.0000    
   125.0000    
   127.0000    
   128.0000    
   131.0000    
   132.0000    
   134.0000    
   137.0000    
   140.0000    
   143.0000    
   147.0000    
   151.0000    
   155.0000    
   159.0000    
   162.0000    
   166.0000    
   170.0000    
   173.0000    
   177.0000    
   180.0000    
   182.0000    
   186.0000    
   191.0000    
   194.0000    
   198.0000    
   202.0000    
   205.0000    
   210.0000    
   216.0000    
   220.0000    
   223.0000    
   227.0000    
   230.0000    
   234.0000    
   240.0000    
   246.0000    
   252.0000    
   257.0000    
   260.0000    
   264.0000    
   269.0000    
   274.0000    
   279.0000    
   284.0000    
   290.0000    
   296.0000    
   301.0000    
   308.0000    
   318.0000    
   328.0000    
   338.0000    
   348.0000    
   357.0000    
   366.0000    
   375.0000    
   385.0000    
   395.0000    
   405.0000    
   414.0000    
   422.0000    
   430.0000    
   441.0000    
   451.0000    
   460.0000    
   470.0000    
   480.0000    
   490.0000    
   500.0000    
   506.0000    
   512.0000    
   520.0000    
   530.0000    
   540.0000    
   550.0000    
   560.0000    
   570.0000    
   580.0000    
   590.0000    
   600.0000    
   610.0000    
   620.0000    
   630.0000    
   640.0000    
   650.0000    
   658.0000    
   665.0000    
   675.0000    
   685.0000    
   695.0000    
   705.0000    
   716.0000    
   726.0000    
   735.0000    
   745.0000    
   755.0000    
   765.0000    
   775.0000    
   785.0000    
   795.0000    
   805.0000    
   815.0000    
   825.0000    
   835.0000    
   845.0000    
   855.0000    
   865.0000    
   875.0000    
   885.0000    
   895.0000    
   905.0000    
   915.0000    
   925.0000    
   935.0000    
   945.0000    
   955.0000    
   965.0000    
   975.0000    
   985.0000    
   995.0000    
   1005.000    
   1015.000    
   1025.000    
   1035.000    
   1045.000    
   1055.000    
   1065.000    
   1075.000    
   1085.000    
   1095.000    
   1105.000    
   1115.000    
   1125.000    
   1135.000    
   1145.000    
   1155.000    
   1165.000    
   1175.000    
   1185.000    
   1195.000    
   1205.000    
   1215.000    
   1225.000    
   1235.000    
   1245.000    
   1255.000    
   1265.000    
   1275.000    
   1285.000    
   1295.000    
   1305.000    
   1315.000    
   1325.000    
   1335.000    
   1345.000    
   1355.000    
   1365.000    
   1375.000    
   1385.000    
   1395.000    
   1405.000    
   1415.000    
   1425.000    
   1435.000    
   1442.000    
   1447.000    
   1455.000    
   1465.000    
   1475.000    
   1485.000    
   1495.000    
   1505.000    
   1512.000    
   1517.000    
   1525.000    
   1535.000    
   1545.000    
   1555.000    
   1565.000    
   1575.000    
   1585.000    
   1595.000    
   1605.000    
   1615.000    
   1625.000    
   1635.000    
   1645.000    
   1655.000    
   1665.000    
   1672.000    
   1677.000    
   1685.000    
   1695.000    
   1705.000    
   1715.000    
   1725.000    
   1735.000    
   1745.000    
   1755.000    
   1765.000    
   1775.000    
   1785.000    
   1795.000    
   1805.000    
   1815.000    
   1825.000    
   1835.000    
   1845.000    
   1855.000    
   1865.000    
   1875.000    
   1885.000    
   1895.000    
   1905.000    
   1915.000    
   1925.000    
   1935.000    
   1945.000    
   1955.000    
   1967.000    
   1976.000    
   1984.000    
   1995.000    
   2005.000    
   2015.000    
   2025.000    
   2035.000    
   2045.000    
   2055.000    
   2065.000    
   2074.000    
   2078.000    
   2085.000    
   2095.000    
   2105.000    
   2115.000    
   2125.000    
   2135.000    
   2145.000    
   2155.000    
   2165.000    
   2175.000    
   2185.000    
   2195.000    
   2205.000    
   2215.000    
   2225.000    
   2235.000    
   2245.000    
   2255.000    
   2265.000    
   2275.000    
   2285.000    
   2295.000    
   2305.000    
   2315.000    
   2325.000    
   2335.000    
   2345.000    
   2355.000    
   2365.000    
   2375.000    
   2385.000    
   2395.000    
   2405.000    
   2415.000    
   2425.000    
   2435.000    
   2445.000    
   2455.000    
   2465.000    
   2475.000    
   2485.000    
   2495.000    
   2505.000    
   2513.000    
   2518.000    
   2525.000    
   2535.000    
   2545.000    
   2555.000    
   2565.000    
   2575.000    
   2585.000    
   2595.000    
   2605.000    
   2615.000    
   2625.000    
   2635.000    
   2645.000    
   2655.000    
   2665.000    
   2675.000    
   2685.000    
   2695.000    
   2705.000    
   2715.000    
   2725.000    
   2735.000    
   2745.000    
   2755.000    
   2765.000    
   2775.000    
   2785.000    
   2795.000    
   2805.000    
   2815.000    
   2825.000    
   2835.000    
   2845.000    
   2855.000    
   2865.000    
   2875.000    
   2885.000    
   2895.000    
   2910.000    
   2930.000    
   2950.000    
   2970.000    
   2990.000    
   3010.000    
   3030.000    
   3050.000    
   3070.000    
   3090.000    
   3110.000    
   3130.000    
   3150.000    
   3170.000    
   3190.000    
   3210.000    
   3230.000    
   3250.000    
   3270.000    
   3290.000    
   3310.000    
   3330.000    
   3350.000    
   3370.000    
   3390.000    
   3410.000    
   3430.000    
   3450.000    
   3470.000    
   3490.000    
   3510.000    
   3530.000    
   3550.000    
   3570.000    
   3590.000    
   3610.000    
   3630.000    
   3640.000    
   3650.000    
   3670.000    
   3690.000    
   3710.000    
   3730.000    
   3750.000    
   3770.000    
   3790.000    
   3810.000    
   3830.000    
   3850.000    
   3870.000    
   3890.000    
   3910.000    
   3930.000    
   3950.000    
   3970.000    
   3990.000    
   4010.000    
   4030.000    
   4050.000    
   4070.000    
   4090.000    
   4110.000    
   4130.000    
   4150.000    
   4170.000    
   4190.000    
   4210.000    
   4230.000    
   4250.000    
   4270.000    
   4290.000    
   4310.000    
   4330.000    
   4350.000    
   4370.000    
   4390.000    
   4410.000    
   4430.000    
   4450.000    
   4470.000    
   4490.000    
   4510.000    
   4530.000    
   4550.000    
   4570.000    
   4590.000    
   4610.000    
   4630.000    
   4650.000    
   4670.000    
   4690.000    
   4710.000    
   4730.000    
   4750.000    
   4770.000    
   4790.000    
   4810.000    
   4830.000    
   4850.000    
   4870.000    
   4890.000    
   4910.000    
   4930.000    
   4950.000    
   4970.000    
   4990.000    
   5010.000    
   5030.000    
   5050.000    
   5070.000    
   5090.000    
   5110.000    
   5130.000    
   5150.000    
   5170.000    
   5190.000    
   5210.000    
   5230.000    
   5250.000    
   5270.000    
   5290.000    
   5310.000    
   5330.000    
   5350.000    
   5370.000    
   5390.000    
   5410.000    
   5430.000    
   5450.000    
   5470.000    
   5490.000    
   5510.000    
   5530.000    
   5550.000    
   5570.000    
   5590.000    
   5610.000    
   5630.000    
   5650.000    
   5670.000    
   5690.000    
   5710.000    
   5730.000    
   5750.000    
   5770.000    
   5790.000    
   5810.000    
   5830.000    
   5850.000    
   5870.000    
   5890.000    
   5910.000    
   5930.000    
   5950.000    
   5970.000    
   5990.000    
   6010.000    
   6030.000    
   6050.000    
   6070.000    
   6090.000    
   6110.000    
   6130.000    
   6150.000    
   6170.000    
   6190.000    
   6210.000    
   6230.000    
   6250.000    
   6270.000    
   6290.000    
   6310.000    
   6330.000    
   6350.000    
   6370.000    
   6390.000    
   6410.000    
   6430.000    
   6450.000    
   6470.000    
   6490.000    
   6510.000    
   6530.000    
   6550.000    
   6570.000    
   6590.000    
   6610.000    
   6630.000    
   6650.000    
   6670.000    
   6690.000    
   6710.000    
   6730.000    
   6750.000    
   6770.000    
   6790.000    
   6810.000    
   6830.000    
   6850.000    
   6870.000    
   6890.000    
   6910.000    
   6930.000    
   6950.000    
   6970.000    
   6990.000    
   7010.000    
   7030.000    
   7050.000    
   7070.000    
   7090.000    
   7110.000    
   7130.000    
   7150.000    
   7170.000    
   7190.000    
   7210.000    
   7230.000    
   7250.000    
   7270.000    
   7290.000    
   7310.000    
   7330.000    
   7350.000    
   7370.000    
   7390.000    
   7410.000    
   7430.000    
   7450.000    
   7470.000    
   7490.000    
   7510.000    
   7530.000    
   7550.000    
   7570.000    
   7590.000    
   7610.000    
   7630.000    
   7650.000    
   7670.000    
   7690.000    
   7710.000    
   7730.000    
   7750.000    
   7770.000    
   7790.000    
   7810.000    
   7830.000    
   7850.000    
   7870.000    
   7890.000    
   7910.000    
   7930.000    
   7950.000    
   7970.000    
   7990.000    
   8010.000    
   8030.000    
   8050.000    
   8070.000    
   8090.000    
   8110.000    
   8130.000    
   8150.000    
   8170.000    
   8190.000    
   8210.000    
   8230.000    
   8250.000    
   8270.000    
   8290.000    
   8310.000    
   8330.000    
   8350.000    
   8370.000    
   8390.000    
   8410.000    
   8430.000    
   8450.000    
   8470.000    
   8490.000    
   8510.000    
   8530.000    
   8550.000    
   8570.000    
   8590.000    
   8610.000    
   8630.000    
   8650.000    
   8670.000    
   8690.000    
   8710.000    
   8730.000    
   8750.000    
   8770.000    
   8790.000    
   8810.000    
   8830.000    
   8850.000    
   8870.000    
   8890.000    
   8910.000    
   8930.000    
   8950.000    
   8970.000    
   8990.000    
   9010.000    
   9030.000    
   9050.000    
   9070.000    
   9090.000    
   9110.000    
   9130.000    
   9150.000    
   9170.000    
   9190.000    
   9210.000    
   9230.000    
   9250.000    
   9270.000    
   9290.000    
   9310.000    
   9330.000    
   9350.000    
   9370.000    
   9390.000    
   9410.000    
   9430.000    
   9450.000    
   9470.000    
   9490.000    
   9510.000    
   9530.000    
   9550.000    
   9570.000    
   9590.000    
   9610.000    
   9630.000    
   9650.000    
   9670.000    
   9690.000    
   9710.000    
   9730.000    
   9750.000    
   9770.000    
   9790.000    
   9810.000    
   9830.000    
   9850.000    
   9870.000    
   9890.000    
   9910.000    
   9930.000    
   9950.000    
   9970.000    
   9990.000    
   10025.00    
   10075.00    
   10125.00    
   10175.00    
   10225.00    
   10275.00    
   10325.00    
   10375.00    
   10425.00    
   10475.00    
   10525.00    
   10575.00    
   10625.00    
   10675.00    
   10725.00    
   10775.00    
   10825.00    
   10875.00    
   10925.00    
   10975.00    
   11025.00    
   11075.00    
   11125.00    
   11175.00    
   11225.00    
   11275.00    
   11325.00    
   11375.00    
   11425.00    
   11475.00    
   11525.00    
   11575.00    
   11625.00    
   11675.00    
   11725.00    
   11775.00    
   11825.00    
   11875.00    
   11925.00    
   11975.00    
   12025.00    
   12075.00    
   12125.00    
   12175.00    
   12225.00    
   12275.00    
   12325.00    
   12375.00    
   12425.00    
   12475.00    
   12525.00    
   12575.00    
   12625.00    
   12675.00    
   12725.00    
   12775.00    
   12825.00    
   12875.00    
   12925.00    
   12975.00    
   13025.00    
   13075.00    
   13125.00    
   13175.00    
   13225.00    
   13275.00    
   13325.00    
   13375.00    
   13425.00    
   13475.00    
   13525.00    
   13575.00    
   13625.00    
   13675.00    
   13725.00    
   13775.00    
   13825.00    
   13875.00    
   13925.00    
   13975.00    
   14025.00    
   14075.00    
   14125.00    
   14175.00    
   14225.00    
   14275.00    
   14325.00    
   14375.00    
   14425.00    
   14475.00    
   14525.00    
   14570.00    
   14620.00    
   14675.00    
   14725.00    
   14775.00    
   14825.00    
   14875.00    
   14925.00    
   14975.00    
   15025.00    
   15075.00    
   15125.00    
   15175.00    
   15225.00    
   15275.00    
   15325.00    
   15375.00    
   15425.00    
   15475.00    
   15525.00    
   15575.00    
   15625.00    
   15675.00    
   15725.00    
   15775.00    
   15825.00    
   15875.00    
   15925.00    
   15975.00    
   16050.00    
   16150.00    
   16250.00    
   16350.00    
   16450.00    
   16550.00    
   16650.00    
   16750.00    
   16850.00    
   16950.00    
   17050.00    
   17150.00    
   17250.00    
   17350.00    
   17450.00    
   17550.00    
   17650.00    
   17750.00    
   17850.00    
   17950.00    
   18050.00    
   18150.00    
   18250.00    
   18350.00    
   18450.00    
   18550.00    
   18650.00    
   18750.00    
   18850.00    
   18950.00    
   19050.00    
   19150.00    
   19250.00    
   19350.00    
   19450.00    
   19550.00    
   19650.00    
   19750.00    
   19850.00    
   19950.00    
   20050.00    
   20150.00    
   20250.00    
   20350.00    
   20450.00    
   20550.00    
   20650.00    
   20750.00    
   20850.00    
   20950.00    
   21050.00    
   21150.00    
   21250.00    
   21350.00    
   21450.00    
   21550.00    
   21650.00    
   21750.00    
   21850.00    
   21950.00    
   22050.00    
   22150.00    
   22250.00    
   22350.00    
   22450.00    
   22550.00    
   22650.00    
   22750.00    
   22850.00    
   22950.00    
   23050.00    
   23150.00    
   23250.00    
   23350.00    
   23450.00    
   23550.00    
   23650.00    
   23750.00    
   23850.00    
   23950.00    
   24050.00    
   24150.00    
   24250.00    
   24350.00    
   24450.00    
   24550.00    
   24650.00    
   24750.00    
   24850.00    
   24950.00    
   25050.00    
   25150.00    
   25250.00    
   25350.00    
   25450.00    
   25550.00    
   25650.00    
   25750.00    
   25850.00    
   25950.00    
   26050.00    
   26150.00    
   26250.00    
   26350.00    
   26450.00    
   26550.00    
   26650.00    
   26750.00    
   26850.00    
   26950.00    
   27050.00    
   27150.00    
   27250.00    
   27350.00    
   27450.00    
   27550.00    
   27650.00    
   27750.00    
   27850.00    
   27950.00    
   28050.00    
   28150.00    
   28250.00    
   28350.00    
   28450.00    
   28550.00    
   28650.00    
   28750.00    
   28850.00    
   28950.00    
   29050.00    
   29150.00    
   29250.00    
   29350.00    
   29450.00    
   29550.00    
   29650.00    
   29750.00    
   29850.00    
   29950.00    
   30050.00    
   30150.00    
   30250.00    
   30350.00    
   30450.00    
   30550.00    
   30650.00    
   30750.00    
   30850.00    
   30950.00    
   31050.00    
   31150.00    
   31250.00    
   31350.00    
   31450.00    
   31550.00    
   31650.00    
   31750.00    
   31850.00    
   31950.00    
   32100.00    
   32300.00    
   32500.00    
   32700.00    
   32900.00    
   33100.00    
   33300.00    
   33500.00    
   33700.00    
   33900.00    
   34100.00    
   34300.00    
   34500.00    
   34700.00    
   34900.00    
   35100.00    
   35300.00    
   35500.00    
   35700.00    
   35900.00    
   36100.00    
   36300.00    
   36500.00    
   36700.00    
   36900.00    
   37100.00    
   37300.00    
   37500.00    
   37700.00    
   37900.00    
   38100.00    
   38300.00    
   38500.00    
   38700.00    
   38900.00    
   39100.00    
   39300.00    
   39500.00    
   39700.00    
   39900.00    
   40100.00    
   40300.00    
   40500.00    
   40700.00    
   40900.00    
   41100.00    
   41300.00    
   41500.00    
   41700.00    
   41900.00    
   42100.00    
   42300.00    
   42500.00    
   42700.00    
   42900.00    
   43100.00    
   43300.00    
   43500.00    
   43700.00    
   43900.00    
   44100.00    
   44300.00    
   44500.00    
   44700.00    
   44900.00    
   45100.00    
   45300.00    
   45500.00    
   45700.00    
   45900.00    
   46100.00    
   46300.00    
   46500.00    
   46700.00    
   46900.00    
   47100.00    
   47300.00    
   47500.00    
   47700.00    
   47900.00    
   48100.00    
   48300.00    
   48500.00    
   48700.00    
   48900.00    
   49100.00    
   49300.00    
   49500.00    
   49700.00    
   49900.00    
   50100.00    
   50300.00    
   50500.00    
   50700.00    
   50900.00    
   51100.00    
   51300.00    
   51500.00    
   51700.00    
   51900.00    
   52100.00    
   52300.00    
   52500.00    
   52700.00    
   52900.00    
   53100.00    
   53300.00    
   53500.00    
   53700.00    
   53900.00    
   54100.00    
   54300.00    
   54500.00    
   54700.00    
   54900.00    
   55100.00    
   55300.00    
   55500.00    
   55700.00    
   55900.00    
   56100.00    
   56300.00    
   56500.00    
   56700.00    
   56900.00    
   57100.00    
   57300.00    
   57500.00    
   57700.00    
   57900.00    
   58100.00    
   58300.00    
   58500.00    
   58700.00    
   58900.00    
   59100.00    
   59300.00    
   59500.00    
   59700.00    
   59900.00    
   60100.00    
   60300.00    
   60500.00    
   60700.00    
   60900.00    
   61100.00    
   61300.00    
   61500.00    
   61700.00    
   61900.00    
   62100.00    
   62300.00    
   62500.00    
   62700.00    
   62900.00    
   63100.00    
   63300.00    
   63500.00    
   63700.00    
   63900.00    
   64200.00    
   64600.00    
   65000.00    
   65400.00    
   65800.00    
   66200.00    
   66600.00    
   67000.00    
   67400.00    
   67800.00    
   68200.00    
   68600.00    
   69000.00    
   69400.00    
   69800.00    
   70200.00    
   70600.00    
   71000.00    
   71400.00    
   71800.00    
   72200.00    
   72600.00    
   73000.00    
   73400.00    
   73800.00    
   74200.00    
   74600.00    
   75000.00    
   75400.00    
   75800.00    
   76200.00    
   76600.00    
   77000.00    
   77400.00    
   77800.00    
   78200.00    
   78600.00    
   79000.00    
   79400.00    
   79800.00    
   80200.00    
   80600.00    
   81000.00    
   81400.00    
   81800.00    
   82200.00    
   82600.00    
   83000.00    
   83400.00    
   83800.00    
   84200.00    
   84600.00    
   85000.00    
   85400.00    
   85800.00    
   86200.00    
   86600.00    
   87000.00    
   87400.00    
   87800.00    
   88200.00    
   88600.00    
   89000.00    
   89400.00    
   89800.00    
   90200.00    
   90600.00    
   91000.00    
   91400.00    
   91800.00    
   92200.00    
   92600.00    
   93000.00    
   93400.00    
   93800.00    
   94200.00    
   94600.00    
   95000.00    
   95400.00    
   95800.00    
   96200.00    
   96600.00    
   97000.00    
   97400.00    
   97800.00    
   98200.00    
   98600.00    
   99000.00    
   99400.00    
   99800.00    
   100200.0    
   200000.0    
   400000.0    
   600000.0    
   800000.0    
   1000000.    
   1200000.    
   1400000.    
   1600000.    
